v3
1779202800;1779256800;welkom-wg-10_gsm;0;31683896145;31630630958
1779256800;1779289200;welkom-wg-10_gsm;0;31683896145;31630630958
1779289200;1779343200;welkom-wg-10_gsm;0;31683896145;31630630958
1779343200;1779375600;welkom-wg-10_gsm;0;31683896145;31630630958
1779084000;1779116400;welkom-wg-10_gsm;0;31630998324;31624803768;31682339665
1779116400;1779170400;welkom-wg-10_gsm;0;31630998324;31624803768;31682339665
1779170400;1779202800;welkom-wg-10_gsm;0;31630998324;31624803768;31682339665
1779429600;1779462000;welkom-wg-10_gsm;0;31630998324;31624803768;31682339665
1778824800;1778857200;welkom-wg-10_gsm;0
1778857200;1778911200;welkom-wg-10_gsm;0
1778911200;1778943600;welkom-wg-10_gsm;0
1778943600;1778997600;welkom-wg-10_gsm;0
1778997600;1779030000;welkom-wg-10_gsm;0
1779030000;1779084000;welkom-wg-10_gsm;0~1779170400;1779202800;welkom-wg-10_gsm;0;31636336929;31636336929;31619734378
1779116400;1779170400;welkom-wg-10_gsm;0;31636336929;31636336929;31619734378
1779084000;1779116400;welkom-wg-10_gsm;0;31650214426;31650214426;31765205617;31134628009;31765205617
1779429600;1779462000;welkom-wg-10_gsm;0;31642876673;31610300239~0;2274396699;31683331375~31887732752~welkom-wg-10_gsm