v3
1778882400;1778911200;welkom-default_gsm;0;31614655101
1779400800;1779429600;welkom-default_gsm;0;31657706909
1779141600;1779170400;welkom-default_gsm;0;31657706909
1779055200;1779084000;welkom-default_gsm;0;31639807910;31642818023
1778943600;1778968740;welkom-default_gsm;0;31642163426
1779202800;1779227940;welkom-default_gsm;0;31642163426
1779228000;1779256800;welkom-default_gsm;0;31642163426
1778968800;1778997600;welkom-default_gsm;0;31634525174;31613320251
1778824800;1778842800;welkom-default_gsm;0;31614463110;31630646384
1779429600;1779447600;welkom-default_gsm;0;31614463110;31630646384
1778842800;1778857200;welkom-default_gsm;0;31614463110;31630646384
1779256800;1779274800;welkom-default_gsm;0;31614463110;31630646384
1779274800;1779289200;welkom-default_gsm;0;31614463110;31630646384
1779084000;1779102000;welkom-default_gsm;0;31646151609;31682494052
1779102000;1779116400;welkom-default_gsm;0;31646151609;31682494052
1779170400;1779188400;welkom-default_gsm;0;31646151609;31682494052
1779188400;1779202800;welkom-default_gsm;0;31646151609;31682494052
1779343200;1779361200;welkom-default_gsm;0;31646151609;31682494052
1779361200;1779375600;welkom-default_gsm;0;31646151609;31682494052
1779314400;1779343200;welkom-default_gsm;0;31614463110;31630646384
1779375600;1779400740;welkom-default_gsm;0;31614463110;31630646384
1778857200;1778882340;welkom-default_gsm;0;31642163426
1778911200;1778929200;welkom-default_gsm;0;31634525174;31613320251
1778997600;1779015600;welkom-default_gsm;0;31639807910;31642818023
1779015600;1779030000;welkom-default_gsm;0;31639807910;31642818023
1779030000;1779055140;welkom-default_gsm;0;31639807910;31642818023
1778929200;1778943600;welkom-default_gsm;0;31639807910;31642818023
1779289200;1779314340;welkom-default_gsm;0;31614463110;31630646384
1779116400;1779141540;welkom-default_gsm;0;31634525174;31613320251~1779055200;1779084000;welkom-default_gsm;0;31639329614;31683907040
1778997600;1779015600;welkom-default_gsm;0;31642876654
1779015600;1779030000;welkom-default_gsm;0;31642876654
1779030000;1779055140;welkom-default_gsm;0;31642876654
1778882400;1778911200;welkom-default_gsm;0;31642876654
1778929200;1778943600;welkom-default_gsm;0;31639329614;31683907040~~31887732752~