v3
1779429600;1779445800;welkom-default_gsm;0;31642876673;31610300239
1778997600;1779030000;welkom-default_gsm;0;31633837633
1779170400;1779186600;welkom-default_gsm;0;31633837633
1779186600;1779202800;welkom-default_gsm;0;31633837633
1779375600;1779429600;welkom-default_gsm;0;31636336929;31636336929;31619734378
1779116400;1779170400;welkom-default_gsm;0;31636336929;31636336929;31619734378
1779202800;1779256800;welkom-default_gsm;0;31636336929;31636336929;31619734378
1779084000;1779100200;welkom-default_gsm;0;31650214426;31650214426;31765205617;31134628009;31765205617
1779100200;1779116400;welkom-default_gsm;0;31650214426;31650214426;31765205617;31134628009;31765205617
1779256800;1779273000;welkom-default_gsm;0;31650214426;31650214426;31765205617;31134628009;31765205617
1779273000;1779289200;welkom-default_gsm;0;31650214426;31650214426;31765205617;31134628009;31765205617
1779030000;1779084000;welkom-default_gsm;0;31624576664;31619541059
1778857200;1778911200;welkom-default_gsm;0;31624576664;31619541059
1779343200;1779359400;welkom-default_gsm;0;31650214426;31650214426;31765205617;31134628009;31765205617
1779359400;1779375600;welkom-default_gsm;0;31650214426;31650214426;31765205617;31134628009;31765205617
1778943600;1778997600;welkom-default_gsm;0;31653396166
1779289200;1779343200;welkom-default_gsm;0;31681212609;31643623494
1778911200;1778943600;welkom-default_gsm;0;31103603146;31203692953;31715690866
1779170400;1779186600;welkom-default_gsm;0;31103603146;31203692953;31715690866
1779186600;1779202800;welkom-default_gsm;0;31103603146;31203692953;31715690866
1778824800;1778841000;welkom-default_gsm;0;31715690866;31583690256
1778841000;1778857200;welkom-default_gsm;0;31715690866;31583690256~1779170400;1779186600;welkom-default_gsm;0;31636336929;31636336929;31619734378
1779186600;1779202800;welkom-default_gsm;0;31636336929;31636336929;31619734378
1778911200;1778943600;welkom-default_gsm;0;31636336929;31636336929;31619734378
1779030000;1779084000;welkom-default_gsm;0;31636336929;31636336929;31619734378
1778857200;1778911200;welkom-default_gsm;0;31636336929;31636336929;31619734378
1778997600;1779030000;welkom-default_gsm;0;31636336929;31636336929;31619734378~0;2274396699;31624235212~31880026429~