v3
1778824800;1778857200;welkom-default_gsm;0;31618794751
1778857200;1778911200;welkom-default_gsm;0;31618794751
1778911200;1778943600;welkom-default_gsm;0;31638046883
1778997600;1779030000;welkom-default_gsm;0;31638046883
1778943600;1778954400;welkom-default_gsm;0;31638046883
1778954400;1778997600;welkom-default_gsm;0;31638046883
1779030000;1779040800;welkom-default_gsm;0;31638046883
1779040800;1779084000;welkom-default_gsm;0;31638046883
1779256800;1779289200;welkom-default_gsm;0;31634744305
1779289200;1779343200;welkom-default_gsm;0;31643269948
1779343200;1779375600;welkom-default_gsm;0;31634744305
1779375600;1779429600;welkom-default_gsm;0;31643269948
1779429600;1779462000;welkom-default_gsm;0;31628961348
1779084000;1779116400;welkom-default_gsm;0;31881190696;31634744344
1779116400;1779170400;welkom-default_gsm;0;31618794751
1779202800;1779256800;welkom-default_gsm;0;31641637004
1779170400;1779186600;welkom-default_gsm;0;31634744305
1779186600;1779202800;welkom-default_gsm;0;31628961348~1779256800;1779289200;welkom-default_gsm;0;31643269948
1779343200;1779375600;welkom-default_gsm;0;31643269948
1779429600;1779462000;welkom-default_gsm;0;31618794751
1779170400;1779202800;welkom-default_gsm;0;31641637004
1779084000;1779102000;welkom-default_gsm;0;31641637004
1779102000;1779116400;welkom-default_gsm;0;31618794751~0;2274396699;31624235212~31880026406~