v3
1778857200;1778882340;welkom-default_gsm;0;31626204316;31629189885
1778882400;1778911200;welkom-default_gsm;0;31626204316;31629189885
1778943600;1778968740;welkom-default_gsm;0;31626204316;31629189885
1778968800;1778997600;welkom-default_gsm;0;31626204316;31629189885
1779030000;1779055140;welkom-default_gsm;0;31626204316;31629189885
1779055200;1779084000;welkom-default_gsm;0;31626204316;31629189885
1779170400;1779188400;welkom-default_gsm;0;31641247536
1778824800;1778842800;welkom-default_gsm;0;31629297132;31659861809
1779429600;1779447600;welkom-default_gsm;0;31641247536
1778842800;1778857200;welkom-default_gsm;0;31629297132;31659861809
1779256800;1779274800;welkom-default_gsm;0;31646272199;31643394220
1779274800;1779289200;welkom-default_gsm;0;31646272199;31643394220
1779188400;1779202800;welkom-default_gsm;0;31629297132;31659861809
1779343200;1779361200;welkom-default_gsm;0;31629297132;31659861809
1779361200;1779375600;welkom-default_gsm;0;31629297132;31659861809
1779375600;1779400740;welkom-default_gsm;0;31627305839
1779116400;1779141540;welkom-default_gsm;0;31639642948
1779202800;1779227940;welkom-default_gsm;0;31627305839
1779228000;1779256800;welkom-default_gsm;0;31627305839
1779289200;1779314340;welkom-default_gsm;0;31639642948
1778997600;1779015600;welkom-default_gsm;0;31639642948
1779015600;1779030000;welkom-default_gsm;0;31639642948
1778911200;1778929200;welkom-default_gsm;0;31613760066
1778929200;1778943600;welkom-default_gsm;0;31613760066
1779314400;1779343200;welkom-default_gsm;0;31659835632
1779400800;1779429600;welkom-default_gsm;0;31613760066
1779141600;1779170400;welkom-default_gsm;0;31626204316;31629189885
1779084000;1779102000;welkom-default_gsm;0;31653940642
1779102000;1779116400;welkom-default_gsm;0;31653940642~1779256800;1779274800;welkom-default_gsm;0;31651788019;31610929159
1779274800;1779289200;welkom-default_gsm;0;31651788019;31610929159
1779170400;1779188400;welkom-default_gsm;0;31629297132;31659861809
1779343200;1779361200;welkom-default_gsm;0;31646272199;31643394220
1779361200;1779375600;welkom-default_gsm;0;31646272199;31643394220
1778824800;1778842800;welkom-default_gsm;0;31641247536
1779429600;1779447600;welkom-default_gsm;0;31629297132;31659861809
1778842800;1778857200;welkom-default_gsm;0;31641247536
1779084000;1779102000;welkom-default_gsm;0;31641247536
1779102000;1779116400;welkom-default_gsm;0;31641247536
1779314400;1779343200;welkom-default_gsm;0;31651788019;31610929159~~31880026412~