v3
1779375600;1779429600;welkom-default_gsm;0;31659882707
1779084000;1779102000;welkom-default_gsm;0;31659882707
1779102000;1779104700;welkom-default_gsm;0;31659882707
1778997600;1779030000;welkom-default_gsm;0;31613038805
1778824800;1778842800;welkom-default_gsm;0;31613038805
1779429600;1779447600;welkom-default_gsm;0;31613038805
1778842800;1778857200;welkom-default_gsm;0;31613038805
1779170400;1779188400;welkom-default_gsm;0;31658089303;31612942063
1779188400;1779202800;welkom-default_gsm;0;31658089303;31612942063
1779289200;1779343200;welkom-default_gsm;0;31658089303;31612942063
1779030000;1779044400;welkom-default_gsm;0;31613038805
1779343200;1779361200;welkom-default_gsm;0;31614680836;31658089158;31408422551
1779361200;1779375600;welkom-default_gsm;0;31614680836;31658089158;31408422551
1779116400;1779170400;welkom-default_gsm;0;31614680836;31658089158;31408422551
1779202800;1779256800;welkom-default_gsm;0;31636336929;31636336929;31619734378
1779256800;1779274800;welkom-default_gsm;0;31613038805
1779274800;1779289200;welkom-default_gsm;0;31613038805
1778857200;1778911200;welkom-default_gsm;0;31681292791
1779044400;1779084000;welkom-default_gsm;0;31681292791
1778911200;1778943600;welkom-default_gsm;0;31681292791
1778943600;1778997600;welkom-default_gsm;0;31658089303;31612942063
1779104700;1779108300;welkom-default_gsm;0;31615308034
1779108300;1779116400;welkom-default_gsm;0;31659882707~1779084000;1779102000;welkom-default_gsm;0;31615308034
1779102000;1779116400;welkom-default_gsm;0;31615308034
1779375600;1779429600;welkom-default_gsm;0;31636336929;31636336929;31619734378~0;2274396699;31624235212~31887732752~