v3
1779116400;1779141540;welkom-default_gsm;0;31620412486
1779141600;1779172200;welkom-default_gsm;0;31620412486
1779202800;1779227940;welkom-default_gsm;0;31620412486
1779228000;1779258600;welkom-default_gsm;0;31620412486
1779314400;1779345000;welkom-default_gsm;0;31628757411;31615100898
1779289200;1779314340;welkom-default_gsm;0;31628757411;31615100898
1779375600;1779400740;welkom-default_gsm;0;31620242142;31883686090;31624895920
1779400800;1779431400;welkom-default_gsm;0;31620242142;31883686090;31624895920
1778913000;1778999400;welkom-default_gsm;0;31638046883
1778999400;1779085800;welkom-default_gsm;0;31682679709
1778857200;1778882340;welkom-default_gsm;0;31633760035;31634594287
1778882400;1778913000;welkom-default_gsm;0;31633760035;31634594287~~0;2274396699;31681876862~~