v3
1778857200;1778882340;welkom-default_gsm;0;31642407710;31622965854
1778882400;1778911200;welkom-default_gsm;0;31624576514;31652675817
1778943600;1778968740;welkom-default_gsm;0;31624576514;31652675817
1778968800;1778997600;welkom-default_gsm;0;31624576514;31652675817
1779030000;1779055140;welkom-default_gsm;0;31642407710;31622965854
1779055200;1779084000;welkom-default_gsm;0;31624576514;31652675817
1779116400;1779141540;welkom-default_gsm;0;31623909321
1779141600;1779170400;welkom-default_gsm;0;31623909321
1779202800;1779227940;welkom-default_gsm;0;31624576514;31652675817
1779228000;1779256800;welkom-default_gsm;0;31624576514;31652675817
1779289200;1779314340;welkom-default_gsm;0;31624576514;31652675817
1779314400;1779343200;welkom-default_gsm;0;31624576514;31652675817
1779375600;1779400740;welkom-default_gsm;0;31624576514;31652675817
1779400800;1779429600;welkom-default_gsm;0;31624576514;31652675817~~~31880026429~