v3
1777906800;1777960800;welkom-wg-10_gsm;0;31630998324;31624803768;31682339665
1777960800;1777993200;welkom-wg-10_gsm;0;31630998324;31624803768;31682339665
1778220000;1778252400;welkom-wg-10_gsm;0;31630998324;31624803768;31682339665
1777820400;1777874400;welkom-wg-10_gsm;0;31610858725
1777993200;1778047200;welkom-wg-10_gsm;0;31683896145;31630630958
1778047200;1778079600;welkom-wg-10_gsm;0;31683896145;31630630958
1778079600;1778133600;welkom-wg-10_gsm;0;31683896145;31630630958
1778133600;1778166000;welkom-wg-10_gsm;0;31683896145;31630630958
1778252400;1778306400;welkom-wg-10_gsm;0;31683896145;31630630958
1778306400;1778338800;welkom-wg-10_gsm;0;31683896145;31630630958
1778338800;1778392800;welkom-wg-10_gsm;0;31683896145;31630630958
1778392800;1778425200;welkom-wg-10_gsm;0;31683896145;31630630958
1778425200;1778479200;welkom-wg-10_gsm;0;31630998324;31624803768;31682339665~~0;2274396699;31683331375~31880026403~welkom-wg-10_gsm