v3
1778166000;1778220000;welkom-default_gsm;0;31636336929;31636336929;31619734378
1777960800;1777978800;welkom-default_gsm;0;31621655210
1777978800;1777993200;welkom-default_gsm;0;31621655210
1777906800;1777960800;welkom-default_gsm;0;31614680836;31658089158;31408422551
1777874400;1777892400;welkom-default_gsm;0;31659882707
1777892400;1777906800;welkom-default_gsm;0;31659882707
1778047200;1778065200;welkom-default_gsm;0;31659882707
1778065200;1778079600;welkom-default_gsm;0;31659882707
1778220000;1778238000;welkom-default_gsm;0;31613038805
1778238000;1778252400;welkom-default_gsm;0;31613038805
1778133600;1778151600;welkom-default_gsm;0;31614680836;31658089158;31408422551
1778151600;1778166000;welkom-default_gsm;0;31614680836;31658089158;31408422551
1778079600;1778133600;welkom-default_gsm;0;31615308034~1777874400;1777892400;welkom-default_gsm;0;31615308034
1777892400;1777906800;welkom-default_gsm;0;31615308034
1778047200;1778065200;welkom-default_gsm;0;31614680836;31658089158;31408422551
1778065200;1778079600;welkom-default_gsm;0;31614680836;31658089158;31408422551~0;2274396699;31624235212~31880026403~