v3
1778220000;1778306400;welkom-default_gsm;;31203692953;31103603146
1778306400;1778392800;welkom-default_gsm;;31203692953;31103603146
1778446800;1778580000;welkom-default_gsm;;311103603146
1777842000;1777975200;welkom-default_gsm;;311103603146
1777975200;1778047200;welkom-default_gsm;;311103603146
1778047200;1778133600;welkom-default_gsm;;311103603146
1778133600;1778220000;welkom-default_gsm;;31203692953;31103603146~1777975200;1778047200;welkom-default_gsm;;31203692953;31103603146
1778047200;1778133600;welkom-default_gsm;;31203692953;31103603146
1777842000;1777975200;welkom-default_gsm;;31203692953;31103603146
1778414400;1778446800;welkom-default_gsm;;311103603146
1778392800;1778414400;welkom-default_gsm;;311103603146~0;2274396699;31683186758~~